#TITLE:I'm_So_Happy
#ARTIST:Ryu¡¸;
#MUSIC:Songs/i'm_so_happy/i'm_so_happy.mp3;
#BPMS:181;
#OFFSET:-0.310;
#TIME:98;
#DIFFICULT:NORMAL;
#ROWCOUNT:912;
0000
0000
0000
0000
0110
0000
0110
0000
1001
0000
0000
0000
0011
0100
1000
0000
,
0101
0000
0000
0000
1100
0010
0001
1000
0100
0010
0001
0000
1010
0000
0110
0000
,
0101
0000
0000
0000
1001
0000
1100
0000
0010
0000
0001
0000
2000
0000
3010
0100
,
0000
0001
0010
0000
0200
0000
0301
0010
0000
0100
1000
0000
0110
0000
0101
0000
,
1000
0100
0010
0000
1001
0000
1100
0000
0010
0000
0001
0000
0020
0000
1030
0010
,
0000
0100
0001
0000
0200
0000
0301
0010
0000
0100
0010
0000
2000
0000
3001
0010
,
0000
0100
0010
0000
1001
0000
1100
0000
0010
0000
0001
0000
2100
0000
3010
0100
,
0000
0010
0001
0000
0110
1000
0000
0100
0000
0011
0100
0000
0011
0100
0000
0010
,
0000
1100
0010
0000
1001
0000
1100
0000
0010
0000
0001
0000
0020
0000
0130
0010
,
1000
0100
0010
0001
0110
1000
0000
0001
0000
0110
0001
0000
0110
0001
0000
1000
,
0000
0110
0001
0000
0110
0000
0000
0000
0110
0000
0000
0000
1001
0000
0010
0000
,
1100
0010
0002
1000
0103
0020
0030
2000
,
0000
0000
0001
0000
0000
0000
0000
0001
,
0010
3100
0020
0000
1030
0200
0300
0002
,
0000
0000
0103
0010
2000
0000
0000
0000
,
0010
3000
0200
0000
0301
0020
0030
2000
,
0000
0000
0000
0000
,
0001
3000
0200
0300
0002
0000
0000
0003
,
0101
0000
0011
0100
2000
0000
0000
3000
,
1001
0000
0000
0000
0002
0000
1000
0000
0103
0000
0020
0000
0100
1000
0130
0000
,
2000
0000
0010
0000
0100
0000
0001
0000
0100
0000
0010
0000
0001
0010
0100
0000
,
0001
0000
3010
0000
0200
0000
0001
0000
0310
0000
0002
0000
1003
0100
0020
0000
,
0100
0000
1000
0000
0130
0000
0010
0000
0002
0000
0100
0000
0010
0100
1000
0000
,
0010
0000
1003
0000
0020
0000
1000
0000
0130
0000
0002
0000
1003
0100
0020
0000
,
0100
0000
1030
0000
0002
0000
0010
0000
1000
0000
0100
0000
0010
0100
1000
0000
,
0013
0000
0100
0000
1000
0010
0100
1000
0001
0010
0100
1000
0001
0100
0010
0001
,
1000
0100
0010
0001
0110
0000
0000
0000
2001
0000
0000
0000
0001
0000
0000
0000
,
3001
0000
0110
0110
1001
0000
1010
1001
,
0010
0000
0100
0000
1010
0000
0000
1001
0000
0000
0110
0000
1010
0000
0000
0110
,
0000
0000
0101
0000
1010
0000
0000
1001
0000
0000
0110
0000
1100
0000
0010
0000
,
0100
0000
0011
0000
1010
0000
0000
1001
0000
0000
0110
0000
1010
0000
0000
0110
,
0000
0000
0101
0000
1010
0000
0000
1001
0000
0000
0110
0000
1000
0000
0011
0000
,
1100
0000
0001
0000
1010
0000
0000
1001
0000
0000
0110
0000
1010
0000
0000
0110
,
0000
0000
0101
0000
1010
0000
0000
1001
0000
0000
0110
0000
1100
0000
0010
0000
,
0100
0000
0011
0000
1010
0000
0000
1001
0000
0000
0110
0000
1010
0000
0000
0110
,
0000
0000
0101
0000
1010
0000
0000
1001
0000
0000
0110
0000
1100
0000
0010
0000
,
0100
0000
0011
0000
2000
0000
0000
0010
3000
0000
0200
0000
0001
0000
0300
0010
,
0002
0000
0100
0000
0010
0000
0000
0100
0000
0000
1000
0000
0010
0000
1000
0000
,
0100
0000
0013
0000
2000
0000
0000
0001
3010
0000
0200
0000
0310
0000
0002
0100
,
0000
0000
1000
0000
0103
0000
0010
0100
2000
0000
0010
0000
0100
0000
0001
0000
,
0010
0000
3100
0000
0020
0000
0000
0100
1030
0000
0200
0000
0310
0000
0002
0010
,
0000
0000
0100
0000
1000
0000
0000
0100
0000
0000
0010
0000
1000
0000
0010
0000
,
0100
0000
1003
0000
0200
0000
0000
0001
0000
0000
0010
0000
0001
0000
0000
0310
,
0001
0000
0100
0000
1000
0000
0100
0010
0002
0000
0100
0000
1000
0000
0000
0100
,
0000
0013
1001
0010
0100
1000
0011
1000
,
0100
0010
1001
0100
0010
0001
0110
1000
,
0100
0010
1001
0100
0010
0001
0110
1000
,
0100
0010
1001
0100
0010
0001
0110
0000
,
1001
0000
0000
0000
0010
1000
0100
0010
1000
0001
0010
0100
1000
0100
0010
0001
,
0110
0000
0000
0000
1000
0010
0100
1000
0100
0001
0010
0100
1000
0100
0010
0001
,
1010
0000
0000
0000
0001
0100
0010
1000
0010
1000
0010
0100
1000
0010
0100
0001
,
0100
0001
0100
0010
1001
0000
0000
0000
1001
0000
0000
0000
1001
0000
0000
0000
,
1001
0000
0000
0000
0200
0010
0001
0000
0310
0000
1000
0100
0010
0001
0010
0000
,
1100
0010
1001
0011
0100
0010
0001
1100
,
0010
0001
1010
0110
0101
0110
1000
0100
,
0010
0001
1010
0110
0101
0110
1100
0010
,
0002
0003
1010
0110
0101
0110
1000
0100
,
0010
0001
0110
1010
0011
0100
2000
3000
,
0101
0110
1010
0110
0101
0110
1000
0100
,
0010
0001
1010
0110
0101
0110
1100
0010
,
0002
0003
1010
0110
0101
0110
1000
0100
,
0010
0001
1010
0110
1100
0010
0002
0003
,
0101
1001
1010
0110
0101
0110
1000
0100
,
0010
0001
1010
0110
0101
0110
1100
0010
,
0002
0003
1010
0110
0101
0110
1000
0100
,
0010
0001
1010
1001
0110
0101
1001
0100
,
0010
0000
0001
0000
0010
1000
0100
0010
1000
0001
0010
0100
1000
0100
0010
0001
,
0110
0000
0000
0000
1000
0010
0100
1000
0100
0001
0010
0100
1000
0100
0010
0001
,
1010
0000
0000
0000
0001
0100
0010
1000
0010
1000
0010
0100
1000
0010
0100
0001
,
0100
0001
0100
0010
1001
0000
0110
0000
1010
0000
1001
0000
0110
0000
0000
0000
,
1001
0110
0000
0000
;