#TITLE:SigSig;
#ARTIST:kors_k;
#MUSIC:Songs/SigSig/SigSig.mp3;
#BPMS:179;
#OFFSET:-1.500;
#TIME:124;
#DIFFICULT:NORMAL;
#ROWCOUNT:936;
0000
0000
1010
0100
0010
0100
0001
0010
, 
0001
0010
1000
0100
1000
0100
0101
0010
, 
0100
0010
1000
0100
1000
0100
0101
0010
, 
0100
0010
1010
0100
0010
0100
0001
0010
, 
0001
0010
1010
0100
0010
0100
0101
0010
,
0100
0010
1000
0100
1000
0100
0101
0010
, 
0100
0010
1010
0100
0010
0100
0101
0010
, 
0100
0010
1001
0000
0000
0000
0110
0000
, 
0000
0000
0000
0000
1010
0000
0000
0000
0001
0000
0100
0000
0010
0100
1000
0000
, 
0001
0000
0100
0000
0100
0010
0001
0000
1000
0000
0010
0000
0000
0000
0110
0000
, 
0110
0000
1001
0000
1001
0000
0000
0000
0010
0000
1000
0000
0001
0010
0100
0000
, 
0010
0000
1100
0000
1100
0000
0000
0000
0010
0000
1000
0000
0001
0010
0100
0000
, 
0001
1000
0100
0010
0001
0000
0000
0000
1000
0000
0010
0000
0001
0010
0100
0000
, 
0010
0000
1001
0000
0110
0000
0110
0000
0001
0000
0100
0000
1000
0100
0010
0000
, 
0100
1010
0110
0000
0000
0101
0110
0000
, 
0000
0011
0011
1100
1100
0110
0110
1001
, 
1001
0000
0110
0000
0010
0100
0010
0100
1001
0000
0000
0000
0110
0000
0000
0000
, 
1001
0000
0101
0000
0010
1000
0001
0010
,
0200
0300
0200
0300
0100
0001
0100
1000
, 
0100
0010
0101
0000
0010
1000
0001
0010
, 
0200
0000
0300
0000
0200
0000
0300
0000
0001
0100
0001
0010
0100
2000
0000
0000
, 
3010
0010
0101
0000
0010
1000
0001
0010
, 
0200
0300
0200
0300
0100
0001
0100
1000
, 
0100
0010
0101
0000
0010
1000
0001
0010
, 
0200
0300
2000
0000
0000
0001
0100
3010
, 
0001
0010
0100
1000
0010
0000
0100
0010
0001
0000
0100
0000
0010
0000
1000
0000
, 
0100
0001
0020
0030
0010
1000
0010
0100
,
0001
0000
0001
0000
0010
0000
0100
0010
0001
0000
0100
0000
0010
0000
1000
0000
,
0010
0100
0002
0000
1000
1003
0220
0330
, 
2002
0000
3003
0000
0010
0000
0100
0010
0001
0000
0100
0000
0010
0000
1000
0000
, 
0100
0001
0020
0030
0010
1000
0010
0100
,
0001
0000
0001
0000
0010
0000
0100
0010
0001
0000
0100
0000
0010
0000
1000
0000
, 
0010
0100
2002
0000
0000
3003
0200
0000
,
0002
0000
0303
0000
0010
0000
1000
0010
0100
0010
0001
0000
0010
0000
1000
0000
,
0100
0010
0001
0001
2200
3300
2020
3030
, 
2002
0000
3003
0000
0010
0000
0010
0000
1000
0020
0000
1030
0001
0000
0100
0000
, 
1000
0010
0202
0303
0220
0330
0220
0330
, 
2020
0000
3030
0000
0001
0000
0100
0000
0001
0010
0100
0000
1000
0000
1000
0000
,
0010
0100
1001
0110
2020
3030
0220
0330
,
0202
0000
0303
0000
0010
0000
2000
0000
0000
0001
3100
0000
0010
0000
1000
0000
, 
0010
0001
2020
3030
0220
0330
0220
0330
, 
0202
0303
1100
0001
0010
1100
1100
0001
, 
0010
1100
1100
0001
0010
1100
1100
0001
,
0010
1100
1000
0100
0010
0001
0110
0000
,
1001
0000
1001
0000
0110
0000
0220
0330
, 
0000
1100
1100
0000
0100
0010
0101
0000
, 
1000
0110
0001
1010
, 
0110
0000
0000
0000
0011
0000
0000
0000
0010
0000
1000
0000
0002
0000
1000
0100
, 
0013
0010
0101
0000
0110
0000
1001
0000
, 
0000
1001
0110
0000
0010
0100
1000
0000
, 
0001
0000
1010
0000
0110
0000
0101
1010
,
0000
0011
0110
0000
0001
0010
1100
0000
,
0101
1001
0110
0110
, 
0000
0100
1001
0000
0010
0100
1010
0002
, 
0000
0103
1010
0000
0110
0000
0101
0000
,
1010
0000
0100
0000
1001
0000
0000
0000
0010
0000
1000
0000
0010
0000
0010
0100
, 
1000
0000
0000
0000
0101
0000
0000
0000
0110
0000
0000
0000
0010
0100
0010
0100
,
0001
1000
0001
1000
0011
0000
0000
0000
0100
0000
0010
0000
0001
0000
0000
0000
, 
0100
0000
1010
0000
0101
0000
1010
0001
, 
0100
0000
0110
0000
0001
0010
1000
0000
, 
0011
0000
0101
0000
1010
0000
0101
1000
,
1000
1000
0101
0000
1000
0100
0010
0000
,
1000
0101
1010
0101
,
1010
0000
0000
0000
0011
0000
0000
0000
0010
0000
1000
0000
0002
0000
1000
0100
,
0013
1000
0110
0000
1001
0000
2002
3003
, 
0000
0000
1000
0011
0100
0011
1000
0011
, 
1000
0011
1100
0011
1100
0011
1100
0011
, 
1000
0011
1000
0011
0100
0011
0100
0011
, 
1000
0011
1100
0011
1100
0011
1100
0001
, 
0010
0100
1001
0000
0100
0010
0100
1010
,
0000
0110
0101
0000
0110
0000
0110
0000
, 
1010
0000
0000
0000
0001
0000
0000
0000
1000
0000
0100
0000
0010
0000
0100
0010
, 
0001
1000
0220
0000
0330
0000
2002
0000
,
3003
0000
0110
0000
0000
0101
1000
0000
, 
0010
0100
1000
0000
0000
0001
0110
0000
, 
1001
0000
0101
0000
0000
0001
0110
0000
,
1010
0000
0001
0000
0100
0000
0001
1000
,
0100
0010
0101
0000
0000
1000
0110
0000
, 
0001
0010
0100
0000
1010
0000
0100
0001
, 
1000
0100
0011
0000
0000
1010
0110
0000
, 
0000
0000
0110
0000
1001
0000
1001
0100
, 
0001
0000
0000
0000
1000
0001
0010
0100
1000
0000
0010
0000
0001
1000
0100
0010
, 
0001
0000
0100
0000
1000
0001
0010
0100
1000
0000
0010
0000
0001
1000
0100
0010
,
0001
0000
0100
0000
1000
0001
0010
0100
1000
0000
0010
0000
0001
1000
0100
0010
, 
0001
0000
0100
0000
0010
0100
0010
0100
0001
1000
0001
1000
0001
0000
1000
0000
, 
0100
0000
0010
0000
0001
1000
0100
0010
0001
0000
0100
0000
1000
0001
0010
0100
, 
1000
0000
0010
0000
0001
1000
0100
0010
0001
0000
0100
0000
1000
0001
0010
0100
, 
1000
0000
0010
0000
0001
1000
0100
0010
0001
0000
0100
0000
1000
0001
0010
0100
, 
1000
0010
0202
0000
0303
0000
0220
0000
, 
0330
1001
0000
0000
;