#TITLE:concon;
#ARTIST:S-C-U;
#MUSIC:Songs/concon/concon.mp3;
#BPMS:190;
#OFFSET:-0.35;
#TIME:108;
#DIFFICULT:NORMAL;
#ROWCOUNT:664;
1000
0100
0010
0001
0000
0010
0000
0100
,
0000
0010
0001
2000
0000
0000
3000
0000
,
0100
0010
0001
1010
0000
0100
0000
0001
,
0000
0010
0100
0002
0000
0000
0003
0000
,
1000
0100
0010
0100
0010
0001
0000
1001
,
0000
0100
0010
0001
1000
0001
0000
1001
,
0000
0010
0100
1000
0001
0010
0000
0100
,
1000
0010
0100
1001
0000
0010
0100
0000
,
1000
0100
0010
0001
0000
0010
0000
0100
,
0000
0010
0001
2000
0000
0000
3000
0000
,
0100
0010
0001
1010
0000
0100
0000
0001
,
0000
0010
0100
0002
0000
0000
0003
0000
,
1000
0100
0010
0100
0010
0001
0000
1001
,
0000
0100
0010
0001
1000
0001
0000
1001
,
0000
0010
0100
1000
0001
0010
0000
0100
,
1000
0010
0100
1001
0000
0010
0100
0001
,
0020
0030
1000
0200
0300
0001
0000
0100
,
0000
1000
0100
0010
0000
0101
0000
0010
,
0100
0000
1000
0010
0000
0100
0010
0100
,
0001
0000
1000
0100
0000
0010
0002
0000
,
1003
0100
0010
0001
0000
0010
0000
0100
,
0000
0010
0001
2000
0000
0000
3000
0000
,
0100
0010
0001
1000
0000
0100
0000
0001
,
0000
0010
0100
0002
0000
0000
0003
1000
,
0200
0300
0001
0020
0030
1000
0000
0010
,
0000
0100
0010
1000
0000
0010
0000
0100
,
0001
0000
0100
0000
0100
0001
0010
0100
,
0000
1000
0100
0010
0000
0100
0002
0000
,
1003
0100
0010
0001
0000
0010
0000
0100
,
0000
0010
0001
2000
0000
0000
3000
0000
,
0100
0010
0001
1000
0000
0100
0000
0001
,
0010
0100
0010
0100
1000
0100
0000
1001
,
0220
0000
0330
0001
0220
0000
0000
0000
,
0000
0000
0000
0000
0330
1000
0100
0010
,
2002
0000
3003
0100
0220
0000
0000
0000
,
0000
0000
0000
0000
0330
1000
0100
0010
,
0001
0010
0100
1000
0000
0010
0001
0010
,
0100
1000
0000
0010
0001
0010
0100
0010
,
0001
0010
0100
1000
0000
0010
0001
0010
,
0100
1000
0000
0010
0001
0010
0100
1000
,
0220
0000
0330
0001
0220
0000
0000
0000
,
0000
0000
0000
0000
0330
1000
0100
0010
,
2002
0000
3003
0100
0220
0000
0000
0000
,
0000
0000
0000
0000
0330
1000
0100
0010
,
0101
0010
0100
1000
0000
0010
0001
0010
,
0100
1000
0000
0010
0001
0010
0100
1000
,
0100
0010
0001
0100
0010
0001
2002
0000
,
0000
0000
0000
0000
0000
0000
0000
3003
,
0220
0000
0000
0000
0000
0330
0000
0001
,
0100
0001
0000
0100
0000
1000
0000
0010
,
0202
0000
0000
0000
0000
0303
0000
1000
,
0010
1000
0000
0100
0000
0001
0000
0100
,
0020
0030
0010
0002
0003
1000
0000
0001
,
0000
0100
0010
1000
0000
0100
0010
0001
,
0001
0010
0000
0100
0000
1000
0100
0000
,
0002
0023
0230
2300
3020
0230
2300
3000
,
0220
0000
0000
0000
0000
0330
0000
0001
,
0100
0001
0000
0100
0000
1000
0000
0100
,
0010
0001
1000
0010
0001
1000
0100
0001
,
0010
0000
0000
0100
0000
0000
0010
0000
0000
1000
0000
0000
0100
0000
0010
0000
,
1001
0000
0100
0010
0000
0001
0000
1000
,
0000
0100
0010
1000
0000
0100
0010
0001
,
1001
0010
0100
1000
0000
1001
0010
0100
,
1000
0000
1000
0100
0010
0100
0001
0010
,
0000
1010
0000
0101
0000
1010
0000
0101
,
0000
1010
0000
1100
0000
0110
0000
0101
,
0000
0110
0000
1010
0000
0101
0000
0011
,
0000
0101
0000
1010
0000
0110
0000
0011
,
0000
1100
0000
0110
0000
1010
0000
1100
,
0000
1001
0000
0101
0000
1010
0000
0011
,
0000
1010
0000
0101
0000
1010
0000
0101
,
0000
1010
0000
1100
0000
0110
0000
0101
,
0000
0110
0000
1010
0000
0101
0000
0011
,
0000
0101
0000
1010
0000
0110
0000
0011
,
0000
1100
0000
0110
0000
1010
0000
1100
,
0000
1001
0000
0101
0000
1010
0000
0011
,
1000
0100
0010
0100
0010
0001
0010
0001
,
1000
0001
1000
0100
1000
0100
0010
0001
,
0001
0001
0001
0001
0001
0001
0001
0001
,
0001
0001
0001
0001
0001
0001
0001
0001
,
1000
0100
0010
0001
0000
0010
0000
0100
,
0000
0010
0001
0000
0000
0000
0000
0000
;
